-0.5555096052622315 1.648290848288418 -0.03872493555510631 -0.4798805013823894 0.11149526828700312 0.0574510946975304 1.1933563388338462 -0.371861772720561 -0.38365874725009264 -0.17301094851235377 -0.8773343842248296 -0.33077402874249023 0.4149102966484466 -0.43774646793336613 -1.8168448059232198 -0.29121812998319785 0.981165202857792 0.7237427701669195 -0.5313655007263838 -1.099688550082978 -0.12467128892591267 0.9699065657528874 0.37451197839798517 -0.5578226830036837 0.2814170206483168 0.11789898524266185 -0.19434401447302535
0.058837682074316555 -0.2686091457647886 -0.9178738544213066 0.46639789712672 0.31020096154996646 0.19644088680816874 1.2112768018712599 1.0389868251862033 -0.6690732609462104 0.07460744894691917 0.6338058326914671 0.23112765694066428 -1.035971230695273 0.3036286126131673 0.927568041840581 -0.4227246947121513 0.7765776435153919 -1.5470929504262 -1.2012118828652196 0.12434802806562723 0.3408452254912338 0.8686061407690377 0.05431834814454245 0.4143179138766213 0.52709947492763 -0.6839484896835546 0.8147427532639087
-0.3404220642648948 -0.5014743946753953 -0.6711340287507204 1.108008621777305 -0.17634705689961755 -1.162995899997572 -0.15269944826228815 1.2118651152243372 0.09741912371876421 -0.34120528061614613 -0.13255898011550526 1.004479012235126 -0.7305806233776517 0.4936565762395666 0.7778404857149087 -0.6910415600963018 -0.6215968509199813 -0.7489461685225485 -0.7886846566655406 -0.4007691896480861 0.025147961438279076 -0.32591075055186414 -0.570803853724666 -0.7623140116899507 0.2838072080359637 -0.6105035836489735 -1.069682056071479
0.05129313423562598 0.9698263070031595 0.28253279371683676 0.6482209826689358 -0.04898477003360613 1.144733613275058 -0.7100412490412673 -0.19107449846166308 -0.3289034853985129 0.8682945013916437 -0.5113397926231 1.208884130629498 -0.5038297651967889 0.032269697146624365 -1.7929599226845614 0.13812003732807865 -0.5569859019092132 -0.12896249731909915 0.8111112239716739 1.185633500217208 -0.4376030247901534 0.6998357201545216 0.06204276880699122 -0.15858538565589653 1.0039616523776609 1.5504096725853005 0.8528166475830704
0.8415727417086163 0.30027859703648174 0.7868948663853149 -0.8374911152573137 -0.3044242270320147 -0.3784436829171922 0.34178736688000905 0.4566893621698534 0.21394562322062038 0.2615371528056174 -0.2610357090040356 -0.5549076880450736 0.3440645069611129 0.13509519249613683 0.5960330951042571 -0.14262220311450402 -0.5650249293085241 0.392031797167159 -0.03480669079382892 -0.6034694956010309 0.30136105310191397 -1.1749987841706675 -0.9594200455158803 0.00923525451952062 -0.22892918532233875 0.5651424259528155 -0.6634971083992509
0.2678116334606275 -0.6953373376933305 0.48973881446163403 0.5173291985810596 1.6111835308166726 -0.20612114310228874 -0.7666605095741246 -0.7371056366666322 0.01778634222390385 -1.1864260972298413 0.5746713079830696 -0.9362490448397973 -0.40289440288506484 0.11226304484124772 0.6288191169132427 -0.5373436005197803 0.5133509030123937 0.17377240046750347 0.2346158079422474 0.6457398174312197 0.8831956976255788 -0.6672230998586485 0.9234744726773789 -0.7045002005948404 -0.2264613750389155 -0.3648740805377871 -1.1372862444495642
0.8068173280665445 1.0576983399768356 0.27023918787703977 0.015352864154904888 0.14561601586181472 -0.6202433691817371 0.5524808385103022 -0.08422781656061162 0.7010223679227585 0.7109318191938258 -0.8158918371623135 0.11088983493803561 0.510204425037655 -0.06813262443033158 -0.34575318672899413 0.7999520982100112 -0.6476990359478767 0.8166610376746404 -0.5225179567928366 0.4172600007500708 -0.2634704318427294 0.0447054526952918 -1.3677417270752241 -0.73308377724255 1.3135064474343108 0.30211572315027513 1.322644726540661
-1.2152069522766602 0.7885355856510609 0.7064489343586263 0.600871692427806 1.0094531055793805 1.7370320204570049 -1.4762260216266827 1.116256359798381 -0.017352354184080765 -0.19307350673493784 0.10468725179874067 1.1800929930569883 0.7105913445353966 -0.611071393704758 0.02187036479680665 -0.015127284036001498 -1.72482403209246 -0.7837287120368943 -0.6982251403110591 0.45705330049364973 0.7855897707991386 0.9421497424394162 -1.4252094446701868 0.1404302656143292 -0.6173719018863668 -1.8580025219065883 0.5206083346668144
0.10005177023887629 -0.023794426482969144 0.24936214178042526 -1.381816047797063 1.1675467488137041 0.8539190663694471 0.06048607602042777 0.18782396117023165 -0.3574681660884298 -0.46789101698303925 -1.2547469738313848 -0.8348448657220181 -0.8016447123736992 1.5577474062509629 -0.20762517744413267 -0.5139500881691232 -0.1912648814376008 -0.0491403128930924 -0.8659841492844016 0.9526021827214202 1.1086046304660389 -0.3359171677675731 -0.1580387885768904 -0.1214596566518058 0.22540928699132295 -0.7466239407516029 -0.6318800814481229
0.2989323437593364 0.7919208787069569 0.1394945941732867 -1.1188126186017873 0.5874552706813595 0.9464286113318305 0.9244557385361444 0.2692872568540014 0.5971827096418548 1.5359150631160103 0.8263366547870723 -0.429160399241575 0.4761970654068387 -0.9421620210892467 -1.2327189084395624 -1.4583129908614196 -1.0716053531229823 0.5583984517785239 0.3993343951421783 -0.9119840797174661 -0.6576197044846439 0.45768264924327573 -0.8346239974103009 -0.18386819495225137 1.53406032090262 1.1002480213823835 -1.2252264069760423
0.1871038651920941 0.14584465272668196 0.6064734938376485 0.8357943285408016 0.11826912573898768 0.5854981627530962 -0.23439956433700676 -0.7263547710424263 -0.7293912473951667 -0.679674083833695 0.12206812988578791 -0.4555222546384109 0.0928918973005779 0.8246381164986964 1.1975579304757442 0.8360305869646981 0.7284714014377378 -1.5460028202615685 0.523884055376634 -0.9291422109288081 -0.15019804697298977 -0.6484623091367172 -0.9249566513722431 0.07610247131147846 -0.6953648195482345 -1.652301842266022 0.34266726387860735
-0.49506049089343673 -1.020916726521254 0.5835598922921812 0.7065904971674357 -0.3854758425425361 -1.0955188321475566 0.8950564577053739 -1.795582696045353 -0.5591571241650162 0.6627138961538003 -1.1377465575441137 0.386591810319916 0.8560391529383438 0.3968468420100674 0.7839260953992491 -0.4665787867650664 -0.3274452641816048 -0.9492477902150261 -0.36879603090322843 -0.00025467466834161456 -0.10495607652065136 0.7908829235507553 -0.31229917897972315 -0.1425252152888517 -1.0854906903854133 -0.08275633836638074 1.0114402590767653
0.7163630727930586 1.1406388955101543 0.33857233460268243 0.45839153677296063 -0.7778999311293742 -0.25190449704944395 -0.042703480513758996 -0.7859989354529093 -0.21423055983442935 0.39354852121975004 1.0398466198546519 1.1481765792017458 0.1433587689384055 -0.7433430401154864 0.07620726202054079 -0.39478952540234263 -1.1934992669739606 -0.890678323674194 -0.3965196632955189 0.08231621746101114 0.29741910818850914 0.9655137363078774 0.43527657302960504 0.16763371296597507 -0.2491522420532516 0.7379672698107848 -0.010385880907301526
-0.9191500915647919 1.1509562192426206 -1.562656695204538 -0.6681448314144849 1.4478991469019744 0.14478866823188974 -0.06107306333884244 -0.2011630293001771 0.4179816980486272 0.27777694866246705 1.3784687837070106 -0.4603514659503461 -0.15766205953599977 0.075186975134314 0.7839852559292073 -0.8657205302183015 -1.045402459049051 -0.5212660287654793 -0.6439957316521403 0.3327318565093437 -0.5980518299540967 -0.3190160285010881 -0.1085547915961681 -1.6652637545631488 1.134067590528379 0.36856716072107876 0.7805414130948597
1.1334608777079422 -1.1784289112383495 -0.6906162903239532 0.7711831696064189 0.026125935987212412 -0.9823794355352817 -0.9657570711531169 0.9096515978418087 0.2176687481262859 -0.10035546903373699 -0.10878792441057883 0.20952205349391073 -0.6833985126895107 1.250179584243092 0.5436819868797753 0.04417454428887635 -0.9352643392574198 -1.1805878460185195 0.6808407752328947 0.744974688433321 0.1872628010302369 -0.18260568042664888 0.06669563914448667 0.5409964308629521 -0.12300544166184912 0.6422152245318962 -0.13459057543674902
-0.16206350302717476 -0.411598420782102 -0.12648471022436136 -0.9577087935962421 -0.30627493529474864 -0.06968494886265775 -0.8563990093833019 0.3372592015801836 1.6291491797202855 0.8536623750956607 0.5147296280137992 0.07001656600326855 1.5909297790244836 0.47833139856906476 0.0218617992605053 0.22889518256165653 1.0954985295705302 0.4600162323182883 0.39095121729551524 0.345880709211123 -1.7184877677763946 -1.2999960821281478 -0.2643769468024016 -0.966895676021845 -0.5555832734958883 -0.5890723337090331 0.16539445019811982
-0.10494294852755998 0.19705469596961622 0.2825638685870762 0.002552378368672781 0.9603111773160857 0.07666702955923621 -1.4460390960868825 0.6118773194008014 -0.24507286511369503 0.9740700336332029 -0.598561112246985 0.9433895817528662 -0.045311080069146636 0.1392047135064325 1.0995370025477063 -0.8430427641420217 -0.04987715059292791 -0.8081248130080212 -1.1272134527090152 -0.6048269675805037 0.19812258202172378 0.4339200781115872 -1.0727712848373165 -1.0259774900872343 0.30534200593100824 -0.7223188930016005 -0.03651261715131465
0.35093301090432283 -1.5344258450345416 1.057687008624979 0.022730898684029444 0.8783375347092104 0.10995120080044302 -1.5535091651662605 0.6938514365051116 1.1256010179420683 -0.10146337286550655 0.4019150203490434 -0.11634368710534515 0.46735076967622485 -1.804137160777246 -0.4005959438146208 -0.2299183115275334 0.04809278959831176 0.45449959130490414 -0.5727563897049948 0.44847072108229524 -0.30343382862281343 -0.22181419556739723 0.3564619516898226 -0.5403290361309235 0.97911525818048 -0.21895775236405451 0.8083510996589414
1.174389081182229 0.2830099401790818 -0.7735826522393474 1.2214680030564236 -0.020912499277670693 -0.533418767151629 0.5750976967113105 -0.35650369437678825 0.4371288102574785 0.6399393772843773 -0.9633936825604008 0.5442894723591302 -0.12228660335062869 -0.5887729825108808 -0.44948580254476905 0.016476609637932627 0.3856456453534307 0.1789409995742458 -0.7053554174930083 0.6876034511110722 -0.2591275193934585 0.7002628304243306 0.4357026220453462 -0.782613009725849 -0.614550842937511 -1.1427377414976738 0.4600595758377309
-0.5316187319305923 -1.0293594841707256 -0.9642691787098078 1.1109756606697276 0.15827174888413714 -0.8585315726480967 0.7380064414348607 -0.008285651749726453 0.7645857630849017 0.5232780227029905 1.0703142896560782 1.0492663113765592 0.27509151615393546 0.2427457582578399 0.22069056408233945 -0.23681327186127926 -0.7163636410850608 -0.5346201798323207 -0.6365814469702455 0.7744153356562685 0.6461897544552693 0.17572655173477375 0.49594155602143525 -0.5909894324121452 0.9938176610365015 -0.28002122308535715 -0.03145071959805057
-0.04115849105457986 0.2518721591138516 0.39388742258678777 1.1492012295439893 1.2195365025465075 -0.3401283434331016 -0.23996814384216575 0.35192721747077105 -1.138928939449463 0.24364641728032937 -0.7059695487787434 0.37125904017609684 -0.22987817845346087 -1.2084521065941654 0.6137223457977707 -1.330018875698193 -0.27592573221588146 -0.6012902013673702 -0.577437544433558 -0.14632179812931184 -1.361530783332201 0.5736113274343719 0.3946197205705826 0.04298851663148118 -0.4999456323511411 0.6248926064157905 -0.8679611689780359
-0.8661102099049389 0.2657283853560546 -1.2847707142391664 -0.6275142587447953 1.023692186028276 0.40184749708421336 -0.7687169426072513 0.7990473406192641 0.9327667681028602 1.0640801807738804 -0.768779675685639 -0.8768412014569638 -0.42282802045189954 -1.2521368500583518 0.39487758013499197 0.5854287690918876 0.502220028427031 -0.47991714479531145 0.6434243101034096 -0.34781673532798935 1.0865824112543767 -0.7476268423147927 0.022638598932159304 -1.14212251918886 0.8111203383792318 0.14509374166953992 -0.7695621307455829
-0.043541821591026875 1.341896820565413 0.11955010803685495 0.662024348847607 0.397357013839867 0.2327328596514185 -0.28272780478501525 0.9339445193182987 -0.5567812486346915 -0.5946606092492577 1.6126005961748475 0.08927295933211316 1.3459408274482276 -0.7666382497407795 0.7833820768748909 -1.1274766081272896 -0.23384700153691174 -0.5016511587272263 0.3412735106410209 -0.16207085150247336 0.44169819192072435 2.006054120167152 -0.9594190212477429 0.646340190272819 -1.1078460087404849 -0.7874306843955355 -0.018045218651426775
-0.13012713711671875 -0.15763690380813528 0.7590273165173637 -0.9838103541388624 -0.2442183135271156 -0.5129173073529781 0.7440656288568392 -0.8601280477090372 -0.13760481790317802 0.9550956014914622 1.5446633471859703 -0.658910660091927 -0.6015735061101625 0.9634790237115449 -0.06089948966022135 -0.5073358759292388 1.242397077455779 0.6090377899924425 -0.028738160759233355 0.9615924484937357 -0.5914341237873725 0.27846201415076005 0.7213753106831611 1.5792693589088997 -0.5475426769197851 0.8104351554735282 -0.41789289138298047
0.29258985901675144 1.1329531308834513 -0.6061183520958054 -0.49330021697172904 0.9414730314693031 0.46545379994483044 -0.7738846383541516 0.6218520894446304 0.9835540276184693 0.613103142157984 0.8543878488374095 1.056867046678051 -0.436825338016505 -0.3072766572512131 0.09480539237726865 0.05961059586778422 -0.44329264935027596 -0.5832821219575957 -0.07326372739053416 -1.04903768375 0.056063629524457204 -0.6110474352372256 0.7009541791968938 -0.9159001338168267 0.3980911704053459 -0.8857544710039731 1.090443320907375
-0.015176654377064946 0.7309378311889606 -0.06777918387915693 -0.5079825913620846 -0.3786735953900567 -0.6665957200431738 0.6373667302435173 0.46712568839671503 -0.4662641033652067 -0.5820775463681058 -0.5710432047311592 0.5944640542174275 0.0211542165630208 1.0927731072355846 -0.04903857475534579 0.1845645943021047 -1.31120902366611 -1.0692023379628912 0.03127711509452058 -1.4649801007627439 0.32746608660494236 -1.1539985329688738 -0.6541163326517752 -1.0825400588422256 0.16264070305376055 1.7671667373549729 -0.46054909415705697
-1.1184412508936181 -0.023898700638076587 -0.3398381784223305 0.11173638229608784 0.8262225814399948 0.3785850764320112 -1.1096147838072141 1.3910727867634627 1.2116855767179036 -0.6263983580439016 -0.3332665520187889 0.6589514360874223 -0.09587258545481253 -0.1767967796176904 1.148928913242491 -0.29584650161491666 -0.04944341604286567 0.12383222559745977 -0.2706024618447293 -1.0441703484482852 -0.14095676750961916 -0.4309797573252478 -0.43327187092962566 0.6176998739978532 -0.16576082672901987 0.6877931966017301 -0.4380852831544156
-0.707380422512127 0.07084746030529682 -0.46498529083509077 -0.6724877674122436 -0.20818919082102044 -0.37799171511858554 -0.1389481456314367 1.0223657584388168 -0.6855466534723627 0.32896519424453186 -0.35654508183743283 -1.2924760335585552 -0.930059643248879 1.2558805423901733 -0.07058120818580027 -0.5250704626531819 -0.6653060573342597 -0.9855076967423154 -0.4626130778964046 -0.46702447505459094 -0.28369995378684504 1.4006546671027447 -0.6588138767893306 -0.16928715224772056 -0.5203864649362664 0.5906253672810364 1.4418474069882918
0.5091881365991451 -0.7387333015849025 1.137870803804927 -0.0507313494958721 0.5190916056782734 -0.29667501512415967 0.5003722578861755 -0.3265329244316002 0.43749705282869067 -0.019010057071799202 -1.352588874504966 0.8110498812559745 0.23339523145766095 0.4359040679497497 -0.2043423097913708 -0.761303614358052 -1.6326672773692752 -0.03179113773425857 1.305971743583208 0.007396758426964523 -0.5837551631152811 -0.3033340743292235 0.3071272426060873 -0.745297329503747 0.3424840839807661 0.1931483762708085 0.7345299166661219
0.6166650789282588 0.8383032178250984 -0.4065667555788649 0.06670736209377393 0.17473684187987848 1.256216826995185 1.112388031376125 -0.6699678212904729 -1.2290501278404118 -0.7227184384035095 0.9707027608695058 0.6114312190728435 0.9268961432266539 0.47157193104030987 0.2531746167969579 0.34278336254575764 0.45636166397833355 0.8912887897100713 -0.23791542434924873 -0.2916675069992143 -0.3114996037955972 1.3724452248592662 -0.634241911050212 0.562006146384457 0.7195088272300523 0.5333814195427704 1.2739827160589745
-0.305012738106697 -0.5840227081064225 -1.5996476693794286 -0.46250506054970286 1.0298716154287968 -1.4146663370963672 -0.15407954452085498 -0.8013762902530575 -0.6521253008871428 0.31021029764202535 -0.646997937006974 -0.2686980689085536 -0.647036603550657 0.006215172730142993 -1.5982169895225056 -0.8488606414199984 0.6798142133033898 0.25992114956087675 0.010085440744088348 -0.5144442893979061 -0.4641133531762522 0.29616965945154755 -0.4888730947097064 0.5939580086746536 -0.07286378375551933 -0.9330394176553636 0.44478647376328806
0.5981688263977794 -0.07747621860110104 0.8743883480238097 0.05366165177575599 1.64223271232543 -0.2235528642903465 0.8662616086281112 -1.567499861610955 0.9385115795641679 0.3614849429712473 0.6159321140961131 -0.7952218657087761 -0.8353443937938605 -0.03212397361808694 -0.3920600132116751 -0.028268906634967117 0.12344196479313335 0.663960590175515 1.8623088580725233 1.3519229568511082 -1.3966533988426997 0.9943326381174532 -0.35094233577373185 1.1498505552805616 0.8888148675152776 -0.033801173923809436 0.8828177128258319
1.015140935086338 0.8262681422562836 0.674146366868956 1.5282394138259026 1.6757027196695078 -1.1028225908383669 -0.015621278694953389 -1.0360620840881167 0.24986224643264904 -0.6065362615979875 -0.6767811812421609 -0.4100518256244235 0.9248433506110102 -0.9234528893942727 1.099511599868961 0.36847607142988087 0.9607862657224877 1.0507431587793863 0.9483184705980656 -0.41802328219858415 1.077599954842472 0.7785900454394082 0.6251365519609948 -1.386980581302503 -0.7966583038017356 0.04007146496293046 1.1076998483337916
-1.339681828380889 1.1212298257119624 0.3405833475938376 0.08737205665787023 0.3486165929253709 0.1547747376659782 0.6351277813972884 -0.6756328886066091 -0.5036267188430062 0.06250194472466802 0.4145244524803003 -0.9841056392865312 1.056441111749542 0.8473595048417573 0.2015734386012431 0.7825513630567169 -0.2712996014094891 0.05787940373722006 0.6737093184873851 0.4582732615970777 0.45294256842979747 0.3455819939831906 -0.5144721941212305 0.062000945913945005 2.1028941359919564 -1.3008751897946536 -0.3599543435255954
1.4728490254693272 -1.1685056630055686 -0.5685722111720584 0.29681035947585016 -0.5569510667299056 0.2489555499249569 0.41310641277075966 1.279005871648503 0.603871790808302 -0.38594765834422556 0.9401695156421164 -0.5490825646410447 0.09054286179840487 -0.7562424888634534 -0.5201162248200979 -0.07135115253532798 -0.1758772647255683 -0.8174290372434296 -0.41395338111834235 0.5058743212979542 -0.04607075619280704 1.16996121506262 0.025392779197201842 0.3381411133884175 -0.5778738473443963 1.0681339077338472 1.4734288151473005
-0.5898078131871778 -0.36088452258170617 -0.5984436281437492 0.3625560208020747 -0.4099924112316267 -1.1068345127428154 -0.256694390904964 0.7539605029053972 -0.7309130161435852 -0.5088928245787668 0.15740393969414868 0.04011295243952884 0.9391803099895804 -1.7436874761429748 -0.15417088246141109 -1.5023231246410678 0.28277230454336855 0.5310615223887496 0.6860935843138741 0.7229440111113372 1.4243569504519744 0.02374688931330865 0.8989946246953826 0.9287849045286503 -0.27765822394820355 -0.4520172296873765 0.30916519693382033
0.915984960188464 -0.3597006350146417 -0.31166621992988747 -0.6121571799137306 0.024554537268298204 -0.8641819566788852 -0.8930275610285027 -1.1289427340017149 0.5542153620496696 -0.045111887010502505 -0.21978500949763785 -1.244287761366448 -0.6949821007637293 -0.6434263582283868 -0.36261708237048096 -0.4791980442657081 -0.028521785413465284 -0.8021937591445598 1.506932060086069 -0.1944406242043185 -1.8426244133249012 -0.5368613983881565 -0.056246562312876336 -0.7375076448228279 0.8955623193016184 0.6127496087033595 0.8154727200802098
0.8558380748918394 -1.1319257151234567 1.5909266684426235 0.8141382473356424 0.5454493563847249 0.7701061298467128 0.24334387937701496 0.36794929316749103 0.37984827497838464 0.6660208647017254 -0.7528254767097105 -0.33412811584424107 -0.9712384117499608 -1.404263924367681 -0.2565963078538051 -0.24483622814450307 -1.2985713753040184 0.47516467480991526 -0.9441390125774762 -0.7095986230536184 -1.2229053761942288 1.2709245971635783 -0.49729301860147246 1.4693919852327735 -0.7699513944384478 -1.5152040552812691 0.12734309856517617
-0.7006913007793818 1.0886310122190286 1.282943156866811 0.08234089995465727 -0.0075502119387451105 -0.09248317518216453 -0.4383035733840697 0.34812981549479743 -0.04270173425133372 -0.16409686939191792 1.2432876941646478 2.4009548152686273 -0.5404691345271528 -0.7825545190776477 0.2062098091642084 -1.6972586046767553 -1.1794206045075493 -1.1853709486158783 -0.4101997063826344 0.8900332992207263 -0.7719032540338466 0.21292619304355065 1.351607632443029 0.9943515858019976 -0.9801555084597704 -0.8968614511874398 -0.04155191685534554
0.6305087631654658 0.8919006533008337 0.19755286299482017 0.3015963884164484 -0.4585715698841226 0.6798874145276046 0.41872729113362844 1.6780049566273414 0.976192671094758 0.6902008787242001 0.3464430580765481 -0.9298815032035795 0.9958091803515703 1.0971657211947212 -0.3065245784511173 -0.06294023886981048 -0.9326819920276128 -0.46795696419907834 -0.2727047810946396 -0.2790746941548699 0.25805222411943285 0.20911446177539744 0.5147974765323574 0.0615766658220695 0.042642312895130374 -0.6368060351324156 0.05750383330862424
-0.4913664634588963 -0.29832469960046537 -0.3279965182279971 0.7997726702179049 -0.08645328196347096 0.8222183941811685 0.749626263077871 0.16183688705932608 1.3419062100523804 -1.118443052030171 0.12205831484041213 -0.2663067350771029 -0.16505698939463864 -0.04011753803590462 0.047974455697992746 -0.49692871468295674 0.2655691795913842 0.641599877760203 1.2711229944774842 0.13119067280913577 -0.5598116711909502 -0.38158743132015094 -0.21042316793213844 -0.26565413922438913 -1.6445309344677246 -0.21273319485933057 0.12912100350829425
-1.5126339994619864 1.0193686158656345 1.1152331436782534 0.757074557137253 0.35104740371537163 0.2208541012806483 0.1982489392980803 0.6030137444479012 0.0748735952821436 -0.5203468567307876 0.058677122552933114 0.47101769026522977 -1.293933245540353 0.06870806159072362 0.7070314896010145 0.22457774618778703 0.5441496590068056 0.08210347745885205 -0.02886710311863766 -0.8974966575052503 0.1947271515182658 -0.8244124601634187 -1.0095111205743192 0.4519248010127485 1.175753312471233 -0.9421756192262534 -0.09226999194591329
0.3396069221481217 -0.5468067546714263 0.9438664433683108 1.3463664143063383 1.1525825531935143 1.3750367137959638 0.43032836901849164 -0.6667228715712425 -0.3467021143082206 -0.15948352150200046 -0.2168831228819702 -0.42338662952306416 -0.532155852238638 -0.45463355490127694 0.74861220918226 0.3011796652927795 0.3586417429078397 0.8990993848742574 0.48463435604708305 0.9277231008098228 -0.06986338142680537 0.461369721924659 -0.1411465382544536 -0.49835427374624786 -1.707848248303467 -0.6931681388062896 -0.7797900019889399
0.8808816469893399 -0.31951889478451856 -0.8962778784254071 -0.9199322821264305 -0.05664618070598654 0.553204370567216 -0.5865642467449983 0.18430211028777638 0.7109431994779661 -0.1869270366477268 0.5336278811052482 0.13770987385624867 1.0079355228975602 -0.21284418491266416 0.45345290302573227 1.0503702388274123 -1.1945764448597092 -0.6726697662402107 -0.6897916818496193 0.7520002904135317 -1.0121092428960416 0.6774386950819162 0.9103837008692639 -0.7556871197960306 1.2774028384683669 0.04307751133670701 0.7799571802356435
-0.9583893787776527 0.30804570589213215 -0.9507445115296498 -0.6382239615483171 0.22443635224781677 -0.0007426187634126946 -0.5137557697654359 -0.43851477654834076 1.337205293611964 -1.1803424819711572 0.845743648421708 1.1843124064955395 0.655714590874522 0.9972775618657972 -0.770840710588635 0.9775577687317201 -0.772606658393546 1.044269899857135 -0.4624730824297903 0.00965200825907897 -0.9425272373383036 0.5137083743125346 -0.4132873336185476 0.5579066551710787 0.6204405070475301 0.6703746877597166 -0.2540279194319701
-1.0975437522630753 1.0275770732626763 -0.31760983382630076 0.3132894225066738 0.2732193515561038 1.175481543936408 0.12253521720398147 -0.318077328705375 -0.4703340293975404 0.05703488689777164 -1.1779786171300763 0.3641320864555205 0.17473762080384014 0.09388533572371655 -0.8836940845792283 -0.8966838457590112 0.45100549592697997 0.7604914438089343 0.18109245020525888 -0.7703464611416249 -0.7233441193420067 -0.389122969821289 -0.19530165501414176 -0.204778986228072 0.7879063504934718 -0.6007994804258688 1.070331566326868
-0.84157353375845 -0.5100464856630027 0.7947976971333744 -0.6841608011151992 -0.30250873567307646 -0.6059317509521513 0.7110419007188065 -1.0290015177726173 -0.17256481836825005 1.1113517677001015 -0.4602920115112947 -0.8711408148283372 -0.20549514290742876 -0.4044188069043816 -0.19095123129544755 1.058163892542973 0.18018722389827896 0.43705665292324714 -0.12862954935965937 0.44332746168307036 -0.930708417622568 -0.15418795771815158 -0.5376057104188245 0.5045005044623515 -0.18676524058873462 -0.5563856637973514 -0.6089390294052086
1.0167960126334328 1.0691331166560751 0.07540952301648862 -0.05211115898435681 0.9377035438759665 1.1097666435108977 -0.6588831101345864 -0.9396734739359651 0.13237625890541027 0.13985804704500093 -0.22634238598472434 0.43861384045392915 -0.7372247416738222 0.034411430523891284 0.011901980680646851 0.588087831176881 0.7959119405725603 -1.515459132558223 -1.4975107314447427 -0.8680875026122494 -0.7748197862537558 0.6532962629004135 -0.3811668493026321 0.1623196746012781 0.4365981055604082 0.29818582321105264 0.10537165318174713
0.7818502452045433 -0.4471100743481448 -0.5430257078782555 1.3542635081650116 -1.0064868397031825 0.5421025527155614 -0.4773509287820862 -0.6243761271982038 -1.2404860403145885 -0.4968707945787787 -1.0159660167455318 -0.16272100264361716 -0.6574340694448535 0.2849008155157493 -0.08573322921433824 1.2947913078293283 -0.9525922149382106 0.06009970281791882 -0.29918187244162237 -0.11911098988475521 0.5077300452650261 1.06179838609264 0.6476870985080314 1.3440272502673418 1.4329976575418393 -0.9528934758038458 0.2625232647274625
0.8303723696618341 0.2191396005334355 1.2613979233073036 -1.1676189686120568 0.8036780778576826 0.0736034559451309 0.9786475086864708 0.27433562851980814 -0.5192818311845306 0.7074533626409829 -0.9017296651144431 0.5649916333053231 -0.30649358828400003 -0.6962790095322863 -0.21107716002843496 0.719089701102892 -0.03192061681766245 -0.31990814651199523 0.45537427107763695 -0.6698206886308096 -0.4816026718989591 -0.52235874588893 -0.7298524618322095 0.024953474888722127 -0.5828478265708497 1.080406644091225 0.6880996283531526
0.8485487366415665 -0.11933015575984585 -0.2330031647582646 0.28928497538895825 0.7158884356239874 1.116317752409832 -0.5892861780755632 0.046589051999232856 0.24923429857660806 0.5758873945405398 0.6927613414602206 0.30500542965687377 -0.021164970478713796 0.2621066622859647 -0.5018324558783589 0.007288379910378284 0.7260773260846003 0.02459991344891993 -0.8490964431495531 -1.4722685871327394 0.6841067911435987 1.7465057065955003 -0.3275961527042519 -0.5385196142559486 -0.05306603261647347 -0.3657464985224786 -0.5811371641034868
0.15668512331121526 -0.16409759005562768 -1.5705518282541846 -0.6038239182965217 -0.2228245147205391 0.5013804291079221 0.7935804131592956 0.8701021418590058 1.3949618371428247 -0.49152544026079675 0.8434100386014722 -0.670137111377995 0.2663192174867746 -0.5733084293434223 1.345701773430683 0.7654352908907562 -0.5356215570648191 -0.3805559166777973 -0.0011882864882523658 -0.1696483705296158 -1.0046596133357855 0.8645364623607008 -1.2152488445979195 -1.0982886784594448 -0.4128624348507918 0.5004429602408855 -0.27547419766930387
-0.6810176919740009 0.4685651214272282 -0.3447718930327705 0.29269833174897475 0.799818859592841 -1.4065153350890085 1.4836420726680188 -0.4397220291930705 -0.858595205502731 -0.8715955429084499 0.19571470126976215 0.3122514765435304 -0.2500278185936058 0.516982474742277 -0.6555727396672912 0.1755040827690063 -1.75546607910213 -0.707877146376478 0.54851517706567 0.12957105225278165 -0.3156778946686198 -0.8729649804698623 0.2779790198881989 0.9581402529288643 -0.8467723569964662 -0.13172187273371694 1.2003793662424511
-0.156505448653048 1.2481790921599787 -1.3583433079206537 1.3661047360076242 0.24961634810309585 -0.20288819900379484 -1.215805184130751 -0.24695005836352463 -0.5680869398232724 1.1364290620400235 1.3986224049225346 -0.970412461394081 0.32490601612369957 -0.8255988660681175 0.6696276395242309 -0.5893039300288636 0.1457191647412841 -0.2951985730188731 0.2882140570779786 -0.1475018236878594 -0.25263345444108776 -1.1000354216257535 0.8029475136136599 -0.2401856578590406 0.8531520824862837 0.06506742559824985 -1.1131210978847097
